199 207 224 173 157 153 161 193 
204 164 148 161 189 175 140 134 
181 165 120 134 175 189 121  42 
169 163  72  56 105 187 169  92 
188 147  50  57 107 177 197 180 
190 163 117 128 146 163 180 201 
192 186 182 159 164 176 195 223 
210 189 199 181 202 201 186 194 
166 155 179 156 160 168 182 170 
181 176 169 165 169 154 135 166 
 63 114 142 127  73  86 129 212 
 12  37 120 139  57  52  86 107 
130  96 161 180 119  95 175 247 
204 181 200 198 205 167 177 222 
192 228 250 228 220 206 196 223 
242 217 210 220 210 244 242 244 
169 193 192 183 196 198 192 208 
197 178 147 150 196 230 191 107 
180 134 115 157 169 153 135  79 
208 177 127 129 141 154 168 124 
218 215 171 165 189 193 193 176 
199 214 218 223 230 199 182 212 
216 229 244 208 215 248 227 214 
213 200 255 251 239 255 224 212 
203 215 183 201 241 197 196 199 
117 174 188 180 154  99 156 218 
 82 135 177 192 164 102 125 144 
103 119 144 155 143 129 182 204 
159 160 187 201 195 177 195 182 
216 187 190 204 230 237 235 203 
233 217 217 201 203 201 205 198 
231 220 219 194 197 202 214 222 
