113 121 153 102 101  97 112 144 
118  78  77  90 133 119  91  85 
 91  75  43  57 113 127  65 255 
 79  73 255 255  43 125 113  36 
 92  51 255 255  38 108 130 113 
 94  67  33  44  77  94 113 134 
 91  85  91  68  86  98 119 147 
109  88 108  90 124 123 110 118 
112 101 118  95  95 103 120 108 
127 122 108 104 104  89  73 104 
  2  53  75  60   5  18  63 146 
255 255  53  72 255 255  20  41 
 58  24  83 102  43  19 103 175 
132 109 122 120 129  91 105 150 
111 147 165 143 139 125 119 146 
161 136 125 135 129 163 165 167 
 68  92  99  90 111 113 108 124 
 96  77  54  57 111 145 107  23 
 80  34  22  64  82  66  48 255 
108  77  34  36  54  67  81  37 
122 119  81  75 102 106 104  87 
103 118 128 133 143 112  93 123 
124 137 156 120 131 164 138 125 
121 108 170 163 155 171 135 123 
115 127  93 111 156 112 119 122 
 29  86  98  90  69  14  79 141 
255  41  85 100  79  17  49  68 
  9  25  52  63  58  44 106 128 
 65  66  95 109 112  94 123 110 
122  93  98 112 147 154 163 131 
139 123 126 110 123 121 137 130 
137 126 128 103 117 122 146 154 
