164 172 192 141 126 122 138 170 
169 129 116 129 158 144 117 111 
143 127  85  99 143 157  94  15 
131 125  37  21  73 155 142  65 
149 108  11  18  71 141 164 147 
151 124  78  89 110 127 147 168 
152 146 140 117 124 136 158 186 
170 149 157 139 162 161 149 157 
146 135 158 135 137 145 156 144 
161 156 148 144 146 131 109 140 
 39  90 119 104  48  61 100 183 
255  13  97 116  32  27  57  78 
100  66 132 151  90  66 145 217 
174 151 171 169 176 138 147 192 
158 194 217 195 190 176 165 192 
208 183 177 187 180 214 211 213 
129 153 150 141 153 155 151 167 
157 138 105 108 153 187 150  66 
142  96  73 115 126 110  92  36 
170 139  85  87  98 111 125  81 
182 179 131 125 146 150 151 134 
163 178 178 183 187 156 140 170 
182 195 206 170 174 207 185 172 
179 166 220 213 198 214 182 170 
165 177 149 167 208 164 165 168 
 79 136 154 146 121  66 125 187 
 43  96 143 158 131  69  96 115 
 64  80 110 121 110  96 153 175 
120 121 153 167 165 147 167 154 
177 148 156 170 200 207 207 175 
194 178 185 169 175 173 180 173 
192 181 187 162 169 174 189 197 
