00 0
01 1
100 2
1010 3
1011 17
11000 4
11001 5
11010 33
11011 49
111000 6
111001 18
111010 65
111011 81
1111000 7
1111001 97
1111010 113
11110110 19
11110111 34
11111000 50
11111001 129
111110100 8
111110101 20
111110110 66
111110111 145
111111000 161
111111001 177
111111010 193
1111110110 9
1111110111 35
1111111000 51
1111111001 82
1111111010 240
11111110110 21
11111110111 98
11111111000 114
11111111001 209
111111110100 10
111111110101 22
111111110110 36
111111110111 52
11111111100000 225
111111111000010 37
111111111000011 241
1111111110001000 23
1111111110001001 24
1111111110001010 25
1111111110001011 26
1111111110001100 38
1111111110001101 39
1111111110001110 40
1111111110001111 41
1111111110010000 42
1111111110010001 53
1111111110010010 54
1111111110010011 55
1111111110010100 56
1111111110010101 57
1111111110010110 58
1111111110010111 67
1111111110011000 68
1111111110011001 69
1111111110011010 70
1111111110011011 71
1111111110011100 72
1111111110011101 73
1111111110011110 74
1111111110011111 83
1111111110100000 84
1111111110100001 85
1111111110100010 86
1111111110100011 87
1111111110100100 88
1111111110100101 89
1111111110100110 90
1111111110100111 99
1111111110101000 100
1111111110101001 101
1111111110101010 102
1111111110101011 103
1111111110101100 104
1111111110101101 105
1111111110101110 106
1111111110101111 115
1111111110110000 116
1111111110110001 117
1111111110110010 118
1111111110110011 119
1111111110110100 120
1111111110110101 121
1111111110110110 122
1111111110110111 130
1111111110111000 131
1111111110111001 132
1111111110111010 133
1111111110111011 134
1111111110111100 135
1111111110111101 136
1111111110111110 137
1111111110111111 138
1111111111000000 146
1111111111000001 147
1111111111000010 148
1111111111000011 149
1111111111000100 150
1111111111000101 151
1111111111000110 152
1111111111000111 153
1111111111001000 154
1111111111001001 162
1111111111001010 163
1111111111001011 164
1111111111001100 165
1111111111001101 166
1111111111001110 167
1111111111001111 168
1111111111010000 169
1111111111010001 170
1111111111010010 178
1111111111010011 179
1111111111010100 180
1111111111010101 181
1111111111010110 182
1111111111010111 183
1111111111011000 184
1111111111011001 185
1111111111011010 186
1111111111011011 194
1111111111011100 195
1111111111011101 196
1111111111011110 197
1111111111011111 198
1111111111100000 199
1111111111100001 200
1111111111100010 201
1111111111100011 202
1111111111100100 210
1111111111100101 211
1111111111100110 212
1111111111100111 213
1111111111101000 214
1111111111101001 215
1111111111101010 216
1111111111101011 217
1111111111101100 218
1111111111101101 226
1111111111101110 227
1111111111101111 228
1111111111110000 229
1111111111110001 230
1111111111110010 231
1111111111110011 232
1111111111110100 233
1111111111110101 234
1111111111110110 242
1111111111110111 243
1111111111111000 244
1111111111111001 245
1111111111111010 246
1111111111111011 247
1111111111111100 248
1111111111111101 249
1111111111111110 250
