00 1
01 2
100 3
1010 0
1011 4
1100 17
11010 5
11011 18
11100 33
111010 49
111011 65
1111000 6
1111001 19
1111010 81
1111011 97
11111000 7
11111001 34
11111010 113
111110110 20
111110111 50
111111000 129
111111001 145
111111010 161
1111110110 8
1111110111 35
1111111000 66
1111111001 177
1111111010 193
11111110110 21
11111110111 82
11111111000 209
11111111001 240
111111110100 36
111111110101 51
111111110110 98
111111110111 114
111111111000000 130
1111111110000010 9
1111111110000011 10
1111111110000100 22
1111111110000101 23
1111111110000110 24
1111111110000111 25
1111111110001000 26
1111111110001001 37
1111111110001010 38
1111111110001011 39
1111111110001100 40
1111111110001101 41
1111111110001110 42
1111111110001111 52
1111111110010000 53
1111111110010001 54
1111111110010010 55
1111111110010011 56
1111111110010100 57
1111111110010101 58
1111111110010110 67
1111111110010111 68
1111111110011000 69
1111111110011001 70
1111111110011010 71
1111111110011011 72
1111111110011100 73
1111111110011101 74
1111111110011110 83
1111111110011111 84
1111111110100000 85
1111111110100001 86
1111111110100010 87
1111111110100011 88
1111111110100100 89
1111111110100101 90
1111111110100110 99
1111111110100111 100
1111111110101000 101
1111111110101001 102
1111111110101010 103
1111111110101011 104
1111111110101100 105
1111111110101101 106
1111111110101110 115
1111111110101111 116
1111111110110000 117
1111111110110001 118
1111111110110010 119
1111111110110011 120
1111111110110100 121
1111111110110101 122
1111111110110110 131
1111111110110111 132
1111111110111000 133
1111111110111001 134
1111111110111010 135
1111111110111011 136
1111111110111100 137
1111111110111101 138
1111111110111110 146
1111111110111111 147
1111111111000000 148
1111111111000001 149
1111111111000010 150
1111111111000011 151
1111111111000100 152
1111111111000101 153
1111111111000110 154
1111111111000111 162
1111111111001000 163
1111111111001001 164
1111111111001010 165
1111111111001011 166
1111111111001100 167
1111111111001101 168
1111111111001110 169
1111111111001111 170
1111111111010000 178
1111111111010001 179
1111111111010010 180
1111111111010011 181
1111111111010100 182
1111111111010101 183
1111111111010110 184
1111111111010111 185
1111111111011000 186
1111111111011001 194
1111111111011010 195
1111111111011011 196
1111111111011100 197
1111111111011101 198
1111111111011110 199
1111111111011111 200
1111111111100000 201
1111111111100001 202
1111111111100010 210
1111111111100011 211
1111111111100100 212
1111111111100101 213
1111111111100110 214
1111111111100111 215
1111111111101000 216
1111111111101001 217
1111111111101010 218
1111111111101011 225
1111111111101100 226
1111111111101101 227
1111111111101110 228
1111111111101111 229
1111111111110000 230
1111111111110001 231
1111111111110010 232
1111111111110011 233
1111111111110100 234
1111111111110101 241
1111111111110110 242
1111111111110111 243
1111111111111000 244
1111111111111001 245
1111111111111010 246
1111111111111011 247
1111111111111100 248
1111111111111101 249
1111111111111110 250
