00 1
010 2
011 3
100 17
1010 0
1011 4
1100 33
11010 18
11011 49
11100 65
111010 5
111011 81
1111000 19
1111001 34
1111010 97
1111011 113
11111000 6
11111001 50
11111010 129
11111011 145
111111000 20
111111001 66
111111010 161
111111011 177
1111111000 7
1111111001 35
1111111010 82
1111111011 193
1111111100 209
11111111010 98
11111111011 225
11111111100 240
111111111010 21
111111111011 51
111111111100 114
1111111111010 36
1111111111011 130
1111111111100 241
11111111111010 22
11111111111011 23
1111111111110000 67
1111111111110001 37
1111111111110010 83
1111111111110011 146
1111111111110100 8
1111111111110101 162
1111111111110110 178
1111111111110111 52
1111111111111000 131
1111111111111001 194
1111111111111010 53
1111111111111011 68
1111111111111100 99
1111111111111101 147
1111111111111110 242
